57 69 74 68 20 61 20 64 65 74 65 72 6D 69 6E 61 74 69 6F 6E 20 74 6F 20 75 6E 63 6F 76 65 72 20 74 68 65 20 73 65 63 
72 65 74 73 20 6F 66 20 74 68 65 20 63 61 73 65 2C 20 79 6F 75 20 64 65 63 69 64 65 20 74 68 61 74 20 6D 6F 72 65 20 
72 65 73 65 61 72 63 68 20 69 73 20 6E 65 63 65 73 73 61 72 79 2E 20 54 68 65 20 63 6C 75 65 73 20 79 6F 75 27 76 65 
20 67 61 74 68 65 72 65 64 20 73 6F 20 66 61 72 20 68 69 6E 74 20 61 74 20 64 61 72 6B 20 72 69 74 75 61 6C 73 20 61 
6E 64 20 68 69 64 64 65 6E 20 74 72 75 74 68 73 2C 20 62 75 74 20 79 6F 75 20 6E 65 65 64 20 6D 6F 72 65 20 69 6E 66 
6F 72 6D 61 74 69 6F 6E 20 74 6F 20 70 69 65 63 65 20 74 6F 67 65 74 68 65 72 20 74 68 65 20 66 75 6C 6C 20 70 69 63 
74 75 72 65 2E 20 41 73 20 79 6F 75 20 70 6F 6E 64 65 72 20 79 6F 75 72 20 6E 65 78 74 20 6D 6F 76 65 2C 20 74 77 6F 
20 64 69 73 74 69 6E 63 74 20 70 61 74 68 73 20 70 72 65 73 65 6E 74 20 74 68 65 6D 73 65 6C 76 65 73 2E 

54 68 65 20 66 69 72 73 74 20 6F 70 74 69 6F 6E 20 69 73 20 75 6E 72 61 76 65 6C 20 74 68 65 20 6D 79 73 74 65 72 69 
65 73 20 73 75 72 72 6F 75 6E 64 69 6E 67 20 74 68 65 20 6C 6F 63 61 6C 20 6F 63 63 75 6C 74 20 62 79 20 64 65 6C 76 
69 6E 67 20 64 65 65 70 65 72 20 69 6E 74 6F 20 74 68 65 20 73 68 61 64 6F 77 79 20 77 6F 72 6C 64 20 6F 66 20 74 68 
65 20 63 75 6C 74 69 73 74 73 20 72 75 6D 6F 72 65 64 20 74 6F 20 6C 75 72 6B 20 69 6E 20 74 68 65 20 61 62 61 6E 64 
6F 6E 65 64 20 77 61 72 65 68 6F 75 73 65 73 20 6F 6E 20 74 68 65 20 6F 75 74 73 6B 69 72 74 73 20 6F 66 20 74 6F 77 
6E 2E 20 54 68 65 69 72 20 64 61 72 6B 20 61 63 74 69 76 69 74 69 65 73 20 61 6E 64 20 77 68 69 73 70 65 72 65 64 20 
72 69 74 75 61 6C 73 20 6D 61 79 20 68 6F 6C 64 20 74 68 65 20 6B 65 79 20 74 6F 20 75 6E 64 65 72 73 74 61 6E 64 69 
6E 67 20 74 68 65 20 60 61 6C 65 76 6F 6C 65 6E 74 20 66 6F 72 63 65 73 20 61 74 20 70 6C 61 79 20 20 62 75 74 20 69 
74 20 61 6C 73 6F 20 65 6E 74 61 69 60 73 20 63 6F 6E 66 72 6F 6E 74 69 6E 67 20 70 6F 74 65 6E 74 69 61 6C 20 64 61 
6E 67 65 72 73 20 68 65 61 64 2D 6F 6E 2E 

54 68 65 20 73 65 63 6F 6E 64 20 6F 70 74 69 6F 6E 20 69 73 20 74 6F 20 76 69 73 69 74 20 61 20 72 65 6E 6F 77 6E 65 
64 20 66 6F 72 74 75 6E 65 20 74 65 6C 6C 65 72 20 69 6E 20 74 68 65 20 61 72 65 61 2C 20 4D 61 64 51 6D 65 20 53 63 
68 72 6F 64 69 6E 67 65 72 2E 20 4B 6E 6F 77 6E 20 66 6F 72 20 68 65 72 20 61 62 69 6C 69 74 79 20 74 6F 20 67 6C 69 
6D 70 73 65 20 69 6E 74 6F 20 74 68 65 20 68 69 64 64 65 6E 20 72 65 61 60 6D 73 20 61 6E 64 20 69 6E 74 65 72 70 72 
65 74 20 64 61 72 6B 20 6F 6D 65 6E 73 20 20 4D 61 64 61 6D 65 20 53 63 68 72 6F 64 69 6E 67 65 72 20 63 6F 75 6C 64 
20 70 72 6F 76 69 64 65 20 76 61 6C 75 61 62 60 65 20 63 6C 75 65 73 20 61 6E 64 20 67 75 69 64 61 6E 63 65 20 74 68 
72 6F 75 67 68 20 68 65 72 20 6D 79 73 74 69 63 61 6C 20 69 6E 73 69 67 68 74 73 2E 20 54 68 69 73 20 70 61 74 68 20 
6F 66 66 65 72 73 20 61 20 6D 6F 72 65 20 69 6D 6D 65 64 69 61 74 65 20 61 6E 64 20 70 65 72 73 6F 6E 61 60 20 61 70 
70 72 6F 61 63 68 20 74 6F 20 75 6E 64 65 72 73 74 61 6E 64 69 6E 67 20 74 68 65 20 6F 63 63 75 6C 74 2C 20 74 68 6F 
75 67 68 20 69 74 20 6D 61 79 20 61 6C 73 6F 20 75 6E 76 65 69 60 20 75 6E 73 65 74 74 60 69 6E 67 20 74 72 75 74 68 
73 2E 20 

47 6F 20 74 6F 20 70 61 67 65 20 66 69 66 74 65 65 6E 20 69 66 20 79 6F 75 20 64 65 63 69 64 65 20 74 6F 20 69 6E 76A 
65 73 74 69 67 61 74 65 20 74 68 65 20 63 75 6C 74 69 73 74 73 20 69 6E 20 74 68 65 20 61 62 61 6E 64 6F 6E 65 64 20 
77 61 72 65 68 6F 75 73 65 73 2C 20 72 69 73 6B 69 6E 67 20 64 69 72 65 63 74 20 63 6F 6E 66 72 6F 6E 74 61 74 69 6F 
6E 20 74 6F 20 75 6E 63 6F 76 65 72 20 74 68 65 69 72 20 73 65 63 72 65 74 73 

59 6F 75 20 64 65 63 69 64 65 20 74 6F 20 76 69 73 69 74 20 4D 61 64 61 6D 65 20 53 63 68 72 6F 64 69 6E 67 65 72 2C 
20 74 68 65 20 66 6F 72 74 75 6E 65 20 74 65 6C 6C 65 72 2C 20 68 6F 70 69 6E 67 20 68 65 72 20 6D 79 73 74 69 63 
61 6C 20 69 6E 73 69 67 68 74 73 20 77 69 6C 6C 20 69 6C 6C 75 6D 69 6E 61 74 65 20 79 6F 75 72 20 70 61 74 68 20 
61 6E 64 20 74 75 72 6E 20 74 6F 20 70 61 67 65 20 74 77 65 6E 74 79 20 73 65 76 65 6E 
